000033 000024
000034 000006
000035 177777
000036 002033
000037 064400
000040 066401
000041 004474
000042 003034
000043 041001
000044 005034
000045 030036
000036 001750
000037 000120
000040 010136
000041 010237
000062 065400
000063 005524
000074 002033
000075 003526
000106 002501
000107 004527
000110 002524
000111 036527
000112 022200
000120 003126
000121 050600
000122 021512
000123 021112
000124 022224
000132 004526
000133 002527
000134 004525
000135 000106
000136 010315
000144 040401
000145 030300
000156 002525
000157 066401
000160 000000
